,开闸时间(小时),开闸时长,开闸孔数,目标水位,时长孔数乘积,时长孔数乘积(对数)
开闸时间(小时),1.0,-0.051779950119886085,-0.13865876424041162,0.12154734720580894,-0.09731775237617998,-0.09861338721562624
开闸时长,-0.051779950119886085,1.0,0.49328000455112564,-0.697409512699297,0.8429131168580289,0.8069617293418202
开闸孔数,-0.13865876424041162,0.49328000455112564,1.0,-0.6866791486054428,0.8520211449951866,0.8606384246167146
目标水位,0.12154734720580894,-0.697409512699297,-0.6866791486054428,1.0,-0.8010054504209472,-0.755715355046859
时长孔数乘积,-0.09731775237617998,0.8429131168580289,0.8520211449951866,-0.8010054504209472,1.0,0.9146915791993737
时长孔数乘积(对数),-0.09861338721562624,0.8069617293418202,0.8606384246167146,-0.755715355046859,0.9146915791993737,1.0
